0 7 11 15 36 34 9 14 7 40 18 47 15 4
1 8 11 32 45 17 27 23 12 47 6 8 1 26
2 13 7 19 48 36 50 19 26 30
3 23 11 32 43 39 12 20 28 21 28 28 5 46
4 31 5 9 11 5 43 7
5 38 7 44 35 35 27 34 41 37
6 44 11 42 20 35 4 41 5 27 32 9 20 19
7 46 5 14 6 12 38 43
8 56 5 16 25 35 41 6
9 62 9 6 38 11 6 7 16 25 34 10
10 71 11 19 3 34 9 36 3 24 4 13 43 5
11 77 3 24 18 28
12 81 5 37 19 24 7 27
13 88 9 20 40 24 4 49 16 5 3 16
14 97 9 14 2 29 23 43 44 16 17 16
15 98 7 43 12 46 3 46 19 16
16 107 3 28 47 49
17 113 7 8 4 30 1 4 37 15
18 114 7 18 47 36 17 20 24 17
19 124 5 33 39 5 39 41
20 129 3 46 1 41
21 131 11 2 33 21 16 41 36 8 7 45 50 17
22 141 9 14 18 48 40 20 6 37 30 50
23 146 3 13 28 40
24 152 11 1 9 31 33 16 9 1 11 22 10 23
25 159 5 20 12 33 32 18
26 164 9 18 13 9 32 48 20 33 3 40
27 170 9 13 26 39 39 38 47 5 40 10
28 176 7 36 18 7 9 34 50 30
29 182 9 16 24 37 46 45 9 35 47 16
30 189 9 34 35 31 21 11 23 37 16 44
31 192 7 43 27 23 10 47 27 41
32 195 11 22 16 15 37 12 13 4 29 23 13 23
33 197 9 38 16 29 37 11 12 23 35 1
34 200 7 29 43 43 45 34 16 35
35 202 7 6 22 21 8 47 7 8
36 207 9 17 5 1 17 16 34 42 47 22
37 217 9 30 1 2 44 13 42 2 44 27
38 226 3 47 37 28
39 234 9 37 7 31 19 22 50 15 15 15
40 244 3 23 28 46
41 251 7 40 31 32 31 8 18 48
42 256 3 4 8 10
43 263 7 39 6 16 2 29 22 12
44 271 9 15 22 5 39 49 15 35 36 25
45 278 5 5 42 32 28 15
46 287 9 15 37 27 46 49 1 49 11 5
47 290 3 29 7 26
48 292 3 13 13 2
49 295 3 50 49 46
50 305 3 29 30 34
51 308 9 27 4 19 21 10 33 40 39 37
52 314 11 24 6 10 22 7 39 25 7 24 44 39
53 323 3 31 39 4
54 332 11 16 24 46 7 33 38 11 26 25 35 28
55 339 7 7 39 47 20 29 13 19
56 344 11 20 18 4 45 38 44 43 32 18 49 31
57 349 7 2 11 15 43 9 35 22
58 353 11 11 50 24 23 28 43 25 18 17 31 11
59 357 5 44 28 39 18 7
60 362 3 17 50 30
61 365 7 6 6 33 43 18 6 39
62 366 7 17 29 50 12 30 28 9
63 368 9 26 10 1 13 3 10 36 19 33
64 378 11 19 21 1 16 50 18 37 13 26 30 22
65 387 9 21 46 50 12 46 37 37 26 10
66 396 5 20 23 25 10 46
67 400 11 41 43 8 22 37 26 1 32 34 1 23
68 406 11 38 13 2 11 1 49 30 4 31 50 21
69 407 7 24 29 35 22 46 6 35
70 409 9 40 49 36 46 14 28 45 21 15
71 419 9 4 15 15 5 29 19 6 21 25
72 423 9 39 45 38 1 7 1 25 30 41
73 426 11 49 4 4 22 29 28 12 20 45 31 19
74 436 5 40 12 40 46 28
75 438 3 39 16 45
76 445 9 28 34 25 15 21 7 48 34 6
77 454 11 29 37 5 21 49 25 27 31 2 33 42
78 464 3 25 42 29
79 465 3 28 5 17
80 475 11 10 49 34 48 27 23 21 37 26 36 7
81 476 9 7 18 20 50 49 23 2 13 17
82 484 11 15 43 40 14 48 19 15 13 45 40 3
83 493 5 26 38 30 41 47
84 502 7 45 31 46 24 8 38 40
85 510 11 42 35 26 10 23 24 25 13 17 50 46
86 513 3 46 6 22
87 514 11 49 24 48 2 23 3 2 48 19 28 28
88 521 9 49 10 30 22 44 8 16 13 7
89 528 3 28 24 8
90 529 7 1 18 45 49 26 28 42
91 532 9 48 4 40 48 7 17 25 29 11
92 539 3 11 37 22
93 541 7 20 42 29 39 50 34 14
94 551 11 10 50 15 22 6 36 41 49 44 37 43
95 558 7 24 13 45 14 37 38 48
96 568 3 45 17 21
97 573 5 18 14 23 5 14
98 575 5 7 25 30 8 27
99 579 9 24 35 49 39 39 11 27 50 41
100 589 7 22 23 6 49 17 15 15
101 596 7 42 22 25 22 21 28 27
102 606 7 49 13 11 20 36 12 2
103 614 7 48 2 29 3 50 22 45
104 623 11 47 21 9 30 16 31 49 8 30 49 48
105 627 11 1 4 47 35 45 34 26 27 9 32 50
106 629 5 11 43 40 42 14
107 639 5 13 29 18 48 31
108 642 7 43 44 2 18 5 28 37
109 646 3 1 3 36
110 655 9 22 43 22 4 49 50 5 31 46
111 657 7 16 21 36 27 27 41 24
112 662 9 32 32 36 39 33 23 43 9 9
113 672 5 2 46 41 12 33
114 681 5 19 44 42 44 5
115 685 7 42 26 29 24 45 47 38
116 689 5 41 47 13 23 19
117 696 11 47 15 2 13 50 48 44 44 15 26 2
118 705 11 17 33 12 1 5 7 7 30 49 11 30
119 712 9 1 15 18 20 47 47 15 26 5
120 717 5 11 9 22 10 31
121 727 3 49 5 25
122 730 3 11 44 28
123 740 5 13 9 8 37 7
124 746 5 22 19 17 2 27
125 749 7 7 36 41 33 45 3 25
126 759 11 34 43 13 9 50 43 41 48 32 14 32
127 764 5 16 21 29 47 8
128 765 5 21 8 3 5 22
129 766 3 24 37 18
130 769 11 39 4 21 48 38 5 31 40 15 34 10
131 777 3 34 48 41
132 783 9 19 27 3 27 38 39 33 37 12
133 789 9 47 15 21 43 48 5 26 19 4
134 792 9 15 6 45 9 27 43 29 31 6
135 797 9 38 3 48 34 19 12 2 29 5
136 801 5 22 40 19 37 25
137 807 5 40 21 29 41 44
138 817 11 45 48 4 12 1 20 8 38 28 2 45
139 819 9 27 23 13 24 17 33 21 26 23
140 824 5 50 36 40 46 13
141 830 11 14 9 25 33 1 38 22 8 12 33 24
142 840 5 47 4 18 27 12
143 848 5 16 39 16 44 44
144 856 5 16 31 36 10 13
145 865 9 11 2 36 7 29 6 27 37 50
146 869 3 36 30 7
147 879 5 17 12 25 3 19
148 883 3 7 9 21
149 893 7 11 46 32 39 38 8 48
150 903 7 20 33 14 18 13 8 49
151 906 7 35 11 31 46 37 29 9
152 914 11 49 27 34 34 25 17 31 36 16 48 8
153 920 11 7 3 8 35 17 41 38 33 18 19 27
154 923 11 33 24 18 39 31 26 29 23 35 38 37
155 926 11 22 37 20 41 10 46 26 27 19 32 30
156 936 5 23 20 20 46 31
157 941 3 10 22 35
158 946 5 36 33 16 20 34
159 954 3 18 44 19
160 957 5 9 47 34 21 15
161 963 3 17 12 6
162 965 11 2 2 24 33 38 15 20 42 47 27 48
163 972 9 11 34 16 3 2 19 10 18 22
164 980 7 11 23 6 27 36 41 3
165 983 9 49 50 45 36 49 18 7 20 10
166 987 3 9 9 14
167 990 5 9 6 40 11 7
168 991 3 1 43 1
169 999 11 9 10 19 15 6 2 50 17 48 24 30
170 1002 3 36 44 24
171 1007 3 2 17 1
172 1015 7 45 18 22 26 35 40 38
173 1022 5 40 21 14 11 7
174 1026 7 13 42 4 4 15 3 25
175 1032 3 13 17 16
176 1038 9 7 32 13 39 45 42 43 16 16
177 1042 11 6 45 40 1 23 25 42 13 25 16 30
178 1048 3 19 6 19
179 1058 7 8 49 34 22 28 5 19
180 1067 11 23 20 16 21 21 48 31 26 1 24 26
181 1077 7 6 45 44 50 20 42 39
182 1079 9 40 38 5 4 19 17 19 26 12
183 1084 7 29 37 3 7 24 41 46
184 1085 9 1 32 31 25 30 42 25 24 8
185 1089 11 46 1 2 31 36 42 11 8 26 44 11
186 1095 9 35 14 38 47 1 42 35 15 16
187 1099 11 9 50 30 3 50 45 41 43 47 18 9
188 1102 3 37 48 39
189 1110 5 46 16 35 8 9
190 1113 7 9 49 17 7 20 7 18
191 1115 11 38 42 4 14 10 45 30 40 7 42 45
192 1120 5 31 45 6 29 43
193 1130 9 23 42 24 21 35 21 38 31 6
194 1137 7 43 49 49 36 11 50 17
195 1144 7 1 6 15 21 30 6 45
196 1152 3 7 8 34
197 1153 5 28 36 49 25 38
198 1162 9 26 15 34 39 35 22 18 42 37
199 1166 9 26 9 44 30 46 20 6 6 47
200 1168 11 11 39 31 25 23 32 33 28 21 28 44
201 1170 9 47 13 13 24 35 9 32 19 6
202 1177 3 33 43 8
203 1187 5 30 8 9 46 12
204 1194 9 36 24 36 12 41 32 33 5 30
205 1203 11 36 8 11 30 19 37 27 14 28 8 42
206 1205 3 46 3 7
207 1214 5 40 38 33 21 7
208 1216 7 34 27 33 14 43 30 50
209 1219 9 35 38 9 29 34 3 1 35 30
210 1227 7 38 4 35 21 39 35 30
211 1231 5 23 10 26 33 31
212 1238 11 44 37 25 40 26 14 7 49 1 49 16
213 1242 11 36 31 44 46 20 49 6 24 15 2 6
214 1243 9 17 22 3 22 37 11 46 10 21
215 1248 3 30 25 31
216 1254 5 13 47 48 50 46
217 1258 9 42 44 34 10 20 32 11 18 28
218 1259 3 39 8 32
219 1263 3 41 22 33
220 1268 9 20 45 20 10 42 41 5 3 35
221 1277 11 30 30 37 22 44 5 17 46 16 28 40
222 1280 5 20 6 4 29 44
223 1283 7 28 16 39 14 26 38 29
224 1289 9 15 15 15 29 13 2 14 8 28
225 1297 9 26 29 16 31 14 8 48 19 48
226 1304 3 38 35 42
227 1314 5 34 29 45 20 36
228 1317 3 5 41 48
229 1318 5 2 15 26 32 32
230 1320 9 8 37 8 39 9 37 2 26 32
231 1324 5 39 29 11 47 29
232 1334 9 41 17 24 47 43 9 36 31 5
233 1342 7 44 18 44 32 1 40 31
234 1352 3 33 24 21
235 1354 11 5 39 39 39 32 15 24 27 22 11 34
236 1362 3 16 11 1
237 1371 11 13 19 4 43 32 50 3 38 34 13 26
238 1375 9 5 50 29 36 47 47 7 34 30
239 1383 3 24 21 47
240 1388 9 43 17 3 46 11 45 28 14 37
241 1390 9 48 30 4 43 49 12 15 50 41
242 1396 11 12 49 27 43 40 10 3 47 10 14 2
243 1401 11 25 28 8 9 11 32 16 2 27 13 12
244 1405 5 26 25 38 42 39
245 1409 5 8 5 49 27 40
246 1418 3 19 37 11
247 1423 7 42 50 42 48 43 43 9
248 1429 11 27 14 45 39 15 10 14 8 30 13 13
249 1438 11 4 22 9 42 10 33 10 10 12 12 41
250 1446 5 3 32 6 6 23
251 1456 3 46 36 13
252 1463 7 22 10 34 16 12 47 28
253 1464 11 49 5 44 33 4 37 26 27 13 33 1
254 1474 11 45 28 41 40 4 17 14 34 36 34 32
255 1484 5 5 8 8 16 41
256 1485 9 47 41 6 48 23 47 39 18 24
257 1493 11 30 37 18 4 23 22 40 14 29 10 43
258 1500 3 31 36 45
259 1506 7 7 26 13 42 17 49 17
260 1514 11 23 44 36 5 23 21 46 43 30 50 7
261 1516 5 21 6 39 7 28
262 1524 9 42 1 44 28 21 36 43 33 34
263 1532 11 49 32 42 34 18 13 4 2 20 29 37
264 1539 3 34 31 41
265 1547 5 43 12 30 15 44
266 1550 5 32 42 4 46 10
267 1552 3 32 22 18
268 1562 3 3 3 4
269 1569 5 17 47 36 2 39
270 1576 11 23 1 17 15 41 22 27 22 50 30 30
271 1579 7 29 21 44 1 27 5 28
272 1585 5 14 30 17 21 46
273 1589 3 23 8 26
274 1596 9 40 22 17 21 44 19 6 13 21
275 1605 5 23 11 2 34 33
276 1607 3 46 14 29
277 1608 11 16 21 47 44 8 38 44 41 46 17 28
278 1610 9 24 24 49 45 40 37 45 25 9
279 1614 7 31 36 13 30 34 44 5
280 1622 7 39 42 40 39 18 50 8
281 1631 9 50 13 18 47 46 2 30 41 5
282 1633 9 28 48 10 19 19 15 19 36 42
283 1641 5 30 33 42 30 23
284 1647 5 8 2 49 41 30
285 1649 3 47 24 7
286 1650 11 42 49 33 25 20 39 27 1 28 47 22
287 1658 11 42 29 23 32 38 47 42 49 28 32 21
288 1663 3 19 2 27
289 1666 9 3 35 18 1 6 4 24 20 1
290 1676 9 5 46 31 33 39 12 40 10 47
291 1685 7 8 32 6 33 47 40 6
292 1688 7 28 50 9 45 46 13 28
293 1689 9 48 46 3 34 31 7 19 38 32
294 1699 5 35 6 34 45 12
295 1704 7 28 30 30 4 45 46 40
296 1710 9 41 33 32 11 8 41 47 1 49
297 1718 5 45 50 39 39 45
298 1722 9 16 49 10 29 26 37 28 13 13
299 1725 11 48 14 50 45 9 11 35 21 30 15 38
300 1735 11 43 41 29 35 20 36 49 42 14 19 16
301 1736 11 3 34 11 40 24 36 4 27 20 29 49
302 1737 7 43 28 15 13 29 7 12
303 1745 11 26 43 33 41 36 4 23 45 9 34 33
304 1752 9 1 11 24 40 25 31 11 17 14
305 1761 3 10 30 21
306 1768 7 3 9 1 14 25 8 11
307 1772 11 25 31 13 22 37 35 29 12 39 50 19
308 1780 7 32 44 20 41 50 38 3
309 1789 9 17 44 14 40 22 34 3 32 22
310 1797 5 9 33 6 16 19
311 1800 9 8 15 28 41 24 1 29 35 44
312 1806 5 19 38 11 10 22
313 1811 11 8 46 43 35 18 8 16 17 49 3 28
314 1816 11 11 3 25 9 31 36 27 45 10 39 39
315 1819 3 47 8 12
316 1825 9 50 18 50 14 9 37 18 28 47
317 1831 9 32 2 5 18 5 5 44 48 1
318 1834 11 13 8 14 4 28 18 10 26 7 9 32
319 1837 9 15 26 22 40 18 49 28 11 5
320 1842 11 1 46 6 33 45 32 1 41 17 15 40
321 1851 5 43 37 38 49 35
322 1856 3 28 23 18
323 1857 11 50 49 45 22 33 46 27 30 26 50 31
324 1863 9 9 27 20 16 33 50 14 40 27
325 1873 9 50 15 50 45 33 41 45 21 35
326 1877 3 2 32 48
327 1887 9 25 13 19 14 2 43 33 14 9
328 1896 11 19 28 1 20 41 12 6 49 15 14 26
329 1905 9 49 39 27 46 36 42 12 36 30
330 1912 11 31 3 40 14 30 20 26 21 4 35 13
331 1920 11 28 7 29 10 33 20 1 7 24 49 42
332 1928 7 13 40 13 47 32 25 30
333 1931 7 32 49 21 16 13 16 41
334 1938 3 43 19 33
335 1940 9 46 26 9 11 10 14 20 42 43
336 1943 9 25 39 34 4 24 41 4 14 30
337 1949 11 23 15 15 10 43 26 22 21 48 9 20
338 1953 11 25 19 32 4 23 10 36 48 30 46 14
339 1963 5 25 2 30 50 50
340 1965 9 34 39 36 31 6 42 8 44 43
341 1966 5 28 41 19 17 21
342 1973 7 21 44 29 27 1 35 25
343 1983 11 12 17 43 1 25 37 9 14 20 3 37
344 1984 11 24 40 8 14 15 30 13 28 4 49 17
345 1994 9 36 37 14 38 46 47 30 41 36
346 2003 7 38 42 35 20 18 1 7
347 2007 9 22 1 17 38 12 47 5 48 8
348 2010 3 15 21 8
349 2017 7 32 48 13 36 9 32 17
350 2023 3 33 45 17
351 2028 11 45 24 46 44 18 47 49 46 27 26 2
352 2030 9 12 12 29 4 33 18 12 34 18
353 2036 5 47 4 38 12 34
354 2045 3 46 11 37
355 2047 9 43 1 39 4 4 31 49 31 35
356 2055 5 49 21 17 3 34
357 2062 11 41 24 18 17 17 24 9 2 29 27 11
358 2072 9 34 36 48 19 11 31 11 12 17
359 2076 11 29 7 22 31 5 16 4 43 44 37 39
360 2079 11 19 9 17 4 8 18 23 44 45 14 17
361 2088 9 9 30 36 45 22 50 14 13 10
362 2092 5 45 18 34 40 4
363 2093 9 4 34 17 11 45 9 14 22 19
364 2099 7 37 14 46 40 38 26 16
365 2106 3 28 26 6
366 2115 11 19 22 47 20 26 2 47 4 8 10 10
367 2120 7 26 40 36 40 21 37 45
368 2127 7 19 33 44 16 37 31 11
369 2131 9 31 35 11 18 46 38 28 38 10
370 2141 11 14 35 12 36 2 44 29 8 27 37 31
371 2150 11 35 14 40 39 35 39 4 28 10 13 27
372 2160 11 16 37 10 44 12 2 1 9 12 31 10
373 2168 7 44 3 40 34 39 31 20
374 2173 11 1 36 19 15 13 35 45 41 22 30 45
375 2174 3 7 25 40
376 2184 11 20 39 23 6 31 5 39 21 2 38 50
377 2189 7 20 8 20 23 20 9 49
378 2194 3 19 35 15
379 2195 11 17 45 32 16 21 26 5 36 29 21 27
380 2204 5 28 11 45 1 21
381 2208 5 45 39 3 28 27
382 2216 7 2 19 25 26 47 8 50
383 2218 9 36 36 39 31 19 20 44 24 4
384 2220 7 47 30 40 6 24 14 19
385 2224 3 10 26 32
386 2225 9 12 27 42 44 11 21 24 9 44
387 2231 7 6 32 7 36 36 22 17
388 2240 7 22 36 34 4 9 43 6
389 2243 3 15 12 22
390 2252 9 25 41 2 17 18 28 41 41 33
391 2256 11 6 9 9 4 30 17 36 2 30 38 48
392 2261 9 14 6 27 18 40 19 41 1 5
393 2262 9 20 49 47 34 28 40 45 9 12
394 2265 3 42 3 32
395 2270 7 28 32 25 41 20 34 9
396 2280 11 40 18 42 10 35 33 44 25 50 30 11
397 2289 5 17 38 28 37 33
398 2293 5 19 39 10 8 49
399 2302 3 7 37 24
400 2303 5 1 39 19 9 49
401 2308 9 32 47 34 6 3 2 11 35 15
402 2310 9 11 14 9 34 47 29 30 41 10
403 2316 5 30 36 45 6 14
404 2323 5 1 8 48 20 50
405 2329 3 50 33 46
406 2338 5 39 14 39 17 46
407 2341 7 43 27 23 42 27 28 3
408 2351 11 8 24 36 38 14 28 47 39 40 5 29
409 2356 11 47 16 9 47 19 32 22 19 43 8 29
410 2357 5 11 20 3 6 19
411 2367 7 7 1 25 36 50 19 4
412 2371 11 15 46 24 24 23 19 6 39 49 48 5
413 2376 9 43 48 32 28 26 43 28 7 17
414 2382 3 17 49 2
415 2385 11 50 16 6 10 20 19 15 41 39 43 29
416 2393 7 50 25 36 47 49 42 29
417 2397 7 37 31 11 13 16 16 14
418 2399 7 44 42 14 47 11 36 35
419 2402 9 23 27 34 28 15 48 38 2 46
420 2409 5 49 7 17 29 30
421 2411 9 21 39 4 29 22 12 2 40 27
422 2418 9 19 48 48 42 33 24 50 1 6
423 2426 3 13 9 37
424 2429 9 6 49 45 12 6 23 4 44 20
425 2431 9 28 16 5 26 46 29 39 37 49
426 2439 3 34 30 21
427 2448 9 13 19 35 37 13 35 49 33 15
428 2449 5 11 11 42 37 34
429 2457 7 7 16 19 45 23 6 13
430 2467 11 49 38 31 24 17 18 11 40 33 9 46
431 2471 3 17 22 21
432 2481 3 19 4 27
433 2482 3 20 34 34
434 2485 3 32 17 44
435 2494 3 36 28 17
436 2498 7 13 38 41 28 36 18 41
437 2499 5 14 26 29 44 33
438 2505 7 34 38 14 7 48 41 10
439 2509 5 31 18 9 3 46
440 2513 7 19 2 16 3 25 8 45
441 2515 9 40 22 45 39 30 5 4 41 35
442 2525 5 34 21 16 28 28
443 2535 11 48 50 12 26 24 40 17 18 22 9 49
444 2537 9 31 31 9 33 32 47 42 6 49
445 2546 3 50 12 19
446 2554 9 6 34 30 24 43 32 20 32 4
447 2558 9 13 29 2 6 46 20 14 26 16
448 2564 3 47 50 50
449 2567 9 21 18 39 5 42 7 50 15 8
450 2574 7 1 42 33 23 32 22 22
451 2581 9 24 2 4 45 1 48 6 26 13
452 2584 5 47 6 32 46 13
453 2593 5 19 17 33 23 43
454 2596 5 14 20 18 43 48
455 2603 7 8 33 32 35 35 24 47
456 2604 5 7 39 13 2 1
457 2609 9 43 20 24 15 45 40 26 3 42
458 2618 5 12 43 44 16 47
459 2623 9 14 7 49 45 19 22 22 41 14
460 2631 3 13 4 50
461 2637 7 10 38 3 5 23 31 33
462 2641 7 17 39 44 30 33 8 14
463 2649 5 25 13 29 23 1
464 2658 3 19 42 49
465 2659 7 43 48 23 15 8 1 34
466 2663 11 4 22 32 23 43 11 32 8 16 4 50
467 2673 5 31 15 41 1 17
468 2677 11 30 45 35 9 41 1 18 47 26 3 4
469 2679 3 47 41 36
470 2683 9 3 1 20 41 6 25 26 39 27
471 2688 7 2 33 5 50 41 1 13
472 2696 5 28 1 49 4 32
473 2705 7 6 45 35 42 3 19 42
474 2709 3 22 21 16
475 2717 9 4 25 12 34 25 49 38 38 18
476 2725 9 40 23 6 27 2 28 48 34 33
477 2729 3 13 32 45
478 2730 3 42 18 11
479 2735 3 9 5 32
480 2744 9 19 46 47 22 36 42 38 37 46
481 2748 3 46 40 4
482 2755 11 39 45 24 33 28 2 29 4 46 23 2
483 2761 5 20 36 25 9 22
484 2767 11 30 35 12 43 15 27 49 16 44 47 4
485 2777 7 41 32 23 38 32 21 13
486 2781 7 20 17 10 12 10 3 7
487 2788 9 36 49 4 44 5 39 26 16 9
488 2797 5 18 50 32 20 50
489 2802 11 15 23 11 34 39 27 25 6 49 18 11
490 2807 7 13 8 30 15 37 41 1
491 2812 3 32 34 18
492 2817 9 31 10 8 29 38 18 9 49 39
493 2819 7 4 5 20 20 15 39 40
494 2829 9 46 22 12 44 14 32 39 34 35
495 2834 9 9 20 27 36 23 23 25 42 6
496 2840 5 44 46 32 7 41
497 2847 9 2 24 44 47 36 48 8 33 29
498 2848 7 19 10 13 6 2 21 41
499 2852 11 18 17 4 29 14 48 19 32 20 9 1
500 2861 7 5 44 41 36 41 35 24
501 2867 11 42 45 41 34 7 6 16 28 20 48 16
502 2871 5 36 41 4 14 44
503 2876 3 18 33 11
504 2882 7 46 32 6 41 7 24 1
505 2888 5 50 44 45 20 23
506 2895 5 10 27 43 20 8
507 2904 5 49 36 37 32 39
508 2908 5 1 5 29 22 44
509 2909 7 47 38 48 30 26 48 15
510 2912 9 5 47 18 3 50 49 17 9 5
511 2919 9 25 14 50 10 40 43 22 15 48
512 2922 11 9 34 39 46 49 14 39 29 22 28 28
513 2931 9 17 19 39 6 11 45 34 6 5
514 2939 5 32 4 1 1 36
515 2948 9 33 11 28 10 3 28 2 35 22
516 2952 7 19 7 16 32 32 21 5
517 2961 7 9 18 12 25 44 27 9
518 2966 3 47 43 24
519 2971 11 23 28 5 16 28 27 7 12 31 12 50
520 2973 11 25 6 4 41 13 40 31 15 39 41 10
521 2983 3 4 33 10
522 2984 11 5 46 37 47 35 27 39 25 2 41 48
523 2989 9 35 1 24 32 33 18 30 4 42
524 2993 3 44 10 3
525 2995 9 50 6 18 48 8 34 31 14 39
526 2996 3 39 42 19
527 2999 5 18 18 24 43 43
528 3005 11 21 38 30 10 25 35 35 10 13 35 41
529 3012 3 36 10 22
530 3020 5 31 34 38 1 15
531 3027 11 11 42 16 15 9 35 8 5 18 2 11
532 3034 11 46 21 30 2 9 11 1 23 28 29 42
533 3041 9 11 29 33 19 5 34 17 17 35
534 3050 7 50 9 34 5 24 6 49
535 3060 11 23 25 29 8 25 14 14 10 4 50 15
536 3061 9 29 4 13 15 39 1 9 43 10
537 3065 9 39 48 20 42 12 21 45 25 31
538 3067 7 44 43 33 4 2 17 29
539 3075 3 46 39 2
540 3081 3 32 44 8
541 3082 9 25 3 42 18 48 39 48 18 21
542 3092 3 29 39 9
543 3100 7 22 8 42 40 8 37 31
544 3106 3 49 17 15
545 3115 3 36 24 8
546 3123 5 44 7 35 33 22
547 3126 11 20 48 21 47 2 38 33 46 25 27 50
548 3136 3 19 37 29
549 3146 11 24 3 12 14 30 39 24 20 2 22 47
550 3148 3 24 14 7
551 3150 11 8 6 23 23 11 32 16 24 11 34 7
552 3159 11 13 24 42 14 44 5 4 26 28 25 9
553 3168 5 26 45 13 42 13
554 3173 3 15 46 36
555 3174 3 33 13 10
556 3181 3 11 12 18
557 3185 5 33 29 11 22 22
558 3186 9 4 42 31 35 28 29 38 37 48
559 3194 5 17 39 29 2 25
560 3195 7 2 14 1 14 21 15 13
561 3196 7 5 3 15 8 32 9 49
562 3204 7 43 21 34 37 27 26 26
563 3205 9 42 37 17 18 3 1 44 11 35
564 3214 3 13 45 21
565 3217 5 41 16 50 3 30
566 3224 9 49 44 39 28 29 40 44 21 44
567 3231 5 14 12 42 5 23
568 3238 7 26 41 49 17 32 15 43
569 3242 7 38 33 15 7 18 17 33
570 3252 11 2 45 11 23 19 10 39 4 45 32 49
571 3259 7 39 38 30 42 19 47 26
572 3268 9 12 21 46 22 14 6 48 37 12
573 3272 11 3 42 50 19 16 2 2 48 31 21 18
574 3273 11 29 39 33 50 27 44 4 29 25 47 33
575 3283 11 44 29 24 18 22 24 28 19 20 29 47
576 3293 3 24 3 15
577 3302 11 12 32 31 14 24 30 4 45 6 23 9
578 3304 3 49 18 26
579 3314 5 36 48 25 39 24
580 3315 11 46 8 40 47 22 7 31 43 28 10 47
581 3322 5 9 32 13 5 26
582 3330 11 29 13 23 25 35 5 4 32 50 22 34
583 3336 11 33 45 26 32 50 50 11 45 39 25 32
584 3338 3 28 39 50
585 3348 11 12 36 12 45 43 13 36 45 46 38 32
586 3349 5 2 21 40 42 33
587 3350 3 33 4 1
588 3357 3 23 46 4
589 3360 11 21 20 38 36 43 28 8 48 1 30 46
590 3362 9 23 32 8 37 21 22 10 1 13
591 3366 11 36 39 46 17 29 38 5 33 22 20 22
592 3375 5 19 22 10 11 31
593 3376 11 5 39 12 22 32 20 29 49 37 6 18
594 3382 7 2 22 48 45 1 15 50
595 3383 11 39 11 18 30 28 42 8 30 49 15 23
596 3388 7 32 28 22 1 39 44 15
597 3392 3 3 45 37
598 3394 11 24 50 44 6 18 3 32 16 15 3 9
599 3403 9 3 33 5 37 45 21 31 33 9
600 3407 5 15 4 28 34 36
601 3416 5 40 45 42 27 1
602 3420 9 17 6 3 34 12 14 40 34 4
603 3422 5 9 20 18 18 41
604 3432 11 35 38 15 18 17 41 10 30 3 20 49
605 3437 7 25 23 9 11 43 43 21
606 3440 9 19 29 28 10 44 14 42 13 36
607 3441 11 41 13 42 13 41 46 11 46 6 18 36
608 3443 9 49 42 2 38 10 13 48 38 43
609 3450 9 36 12 32 33 43 29 7 35 30
610 3455 7 44 23 19 12 43 2 19
611 3458 5 38 49 10 27 16
612 3468 9 26 12 22 20 28 22 2 6 49
613 3470 11 7 33 34 20 31 24 1 26 6 13 47
614 3475 7 7 44 50 17 18 47 5
615 3481 9 42 3 11 24 20 1 40 14 32
616 3488 11 2 50 39 32 13 50 35 7 3 24 11
617 3490 11 10 49 42 7 50 5 47 17 47 31 46
618 3494 11 19 43 4 18 6 41 31 7 15 18 43
619 3501 7 14 32 34 21 29 40 37
620 3511 9 50 10 47 7 30 25 16 31 44
621 3517 5 42 12 39 16 30
622 3519 7 40 2 14 28 34 26 38
623 3523 5 32 43 30 40 49
624 3528 7 30 33 44 37 9 35 42
625 3533 9 17 8 36 40 27 35 31 8 6
626 3534 7 22 14 44 39 38 43 7
627 3535 3 44 37 25
628 3536 3 3 40 13
629 3544 11 32 6 23 25 31 38 44 41 32 45 10
630 3545 3 15 14 18
631 3553 3 46 41 16
632 3561 7 44 10 49 37 46 7 50
633 3567 3 48 38 34
634 3576 9 7 32 15 22 36 48 4 41 42
635 3581 3 17 40 15
636 3591 11 22 40 47 11 49 32 29 44 9 50 12
637 3601 11 17 5 7 8 40 25 10 39 31 27 15
638 3604 5 5 11 21 26 45
639 3613 5 42 43 40 19 17
640 3614 11 3 47 11 10 30 37 12 9 19 6 43
641 3622 11 12 1 50 34 12 32 49 26 18 31 48
642 3624 9 40 36 30 26 45 47 10 19 17
643 3632 11 34 23 14 10 30 29 9 40 26 13 37
644 3634 9 49 28 11 38 24 41 12 12 1
645 3636 5 30 11 10 13 12
646 3642 9 40 38 27 50 5 34 11 5 16
647 3647 9 45 5 47 44 50 47 34 25 36
648 3652 3 32 18 25
649 3660 5 17 32 21 30 17
650 3670 11 3 15 6 40 21 20 36 29 20 48 22
651 3672 9 5 21 30 41 24 15 40 5 41
652 3677 7 37 38 10 37 49 21 23
653 3680 9 16 50 50 31 37 45 2 31 42
654 3688 5 35 33 21 3 14
655 3692 5 49 29 30 32 19
656 3700 3 28 48 49
657 3704 7 4 15 27 46 33 43 8
658 3711 3 49 38 7
659 3721 7 14 23 40 33 25 29 1
660 3722 5 26 12 10 25 30
661 3729 9 46 36 10 20 29 29 18 32 37
662 3730 9 2 34 9 43 28 48 27 40 13
663 3733 3 41 19 22
664 3736 5 2 28 31 12 37
665 3744 9 23 26 16 47 47 42 12 15 17
666 3749 5 47 44 50 15 39
667 3751 3 12 48 29
668 3759 7 8 6 44 17 31 7 2
669 3765 5 24 30 29 19 23
670 3772 11 22 43 46 8 46 50 36 19 50 50 39
671 3780 3 3 32 2
672 3789 5 21 9 9 24 25
673 3794 7 37 26 10 25 35 22 7
674 3797 11 29 1 37 24 24 12 20 21 5 27 44
675 3800 9 14 48 34 16 11 30 12 38 8
676 3807 7 34 37 16 18 6 15 31
677 3809 11 30 11 37 35 5 46 21 6 36 3 19
678 3810 9 48 32 45 47 29 15 26 46 40
679 3816 3 20 1 32
680 3826 7 42 44 4 27 14 39 6
681 3828 11 31 12 36 43 13 34 6 23 16 8 21
682 3829 5 10 36 36 48 7
683 3837 5 44 42 28 42 33
684 3839 9 22 29 50 14 11 20 26 47 50
685 3840 5 35 12 45 37 29
686 3849 9 11 50 21 28 34 25 7 19 24
687 3857 3 26 17 20
688 3867 3 4 43 11
689 3874 3 45 45 33
690 3881 9 21 25 10 3 50 8 18 29 43
691 3886 11 15 7 8 31 1 21 43 2 20 30 22
692 3887 11 23 8 24 25 49 37 26 19 42 23 7
693 3890 5 33 50 13 23 30
694 3891 5 16 10 21 22 38
695 3901 9 49 4 36 7 10 23 16 40 26
696 3905 3 42 25 15
697 3907 9 48 5 21 14 32 5 28 24 17
698 3913 5 38 34 28 13 24
699 3922 3 7 30 4
700 3930 3 14 17 43
701 3940 9 6 13 46 8 38 15 25 12 21
702 3941 7 2 30 27 2 32 42 1
703 3946 3 4 9 32
704 3953 7 7 10 14 50 3 4 22
705 3957 3 6 10 32
706 3965 11 39 2 17 16 5 11 43 50 32 28 23
707 3975 5 28 41 45 42 7
708 3985 11 42 11 44 26 18 27 43 41 49 10 20
709 3991 9 46 3 27 26 24 13 27 24 1
710 4001 5 33 25 37 44 33
711 4010 3 15 36 47
712 4015 7 44 47 5 23 44 33 37
713 4020 5 41 15 31 39 17
714 4021 9 25 14 31 31 32 8 16 11 26
715 4022 5 37 39 40 35 43
716 4026 9 23 37 18 44 6 27 32 49 39
717 4035 3 9 39 30
718 4039 3 35 18 5
719 4041 3 12 48 50
720 4051 3 9 9 12
721 4054 11 8 31 6 7 5 38 48 50 8 6 1
722 4059 3 8 28 23
723 4069 7 38 17 44 22 47 32 33
724 4071 9 32 3 20 28 22 16 13 24 14
725 4078 3 46 20 36
726 4079 5 30 22 31 49 8
727 4088 5 19 49 24 23 24
728 4089 9 41 17 30 24 18 30 2 41 2
729 4095 9 22 31 38 23 26 45 16 38 29
730 4097 3 49 8 5
731 4098 7 36 50 30 43 10 27 2
732 4103 11 4 14 17 36 44 30 49 7 30 7 32
733 4110 7 30 34 46 17 15 36 46
734 4118 7 8 21 29 39 43 43 21
735 4127 11 10 40 23 31 16 44 22 46 27 2 46
736 4137 5 35 8 1 25 27
737 4145 5 28 21 14 29 2
738 4155 3 41 32 47
739 4163 9 11 26 44 43 21 43 9 6 29
740 4167 7 1 16 2 17 12 24 23
741 4168 7 10 49 38 42 31 7 26
742 4176 11 40 13 24 18 1 41 21 34 30 13 19
743 4177 9 11 31 37 32 47 23 13 24 27
744 4178 3 23 42 7
745 4183 7 5 49 1 28 4 9 36
746 4193 9 33 25 15 41 13 24 34 27 34
747 4196 11 32 40 3 41 20 2 11 18 48 44 14
748 4204 5 47 50 22 22 40
749 4213 7 29 10 44 3 37 10 35
750 4217 3 29 35 21
751 4218 9 49 10 36 5 18 45 17 26 2
752 4225 11 26 1 48 2 12 29 28 18 8 47 30
753 4234 7 12 47 3 1 9 26 12
754 4243 7 49 19 13 3 36 15 14
755 4247 3 37 9 47
756 4253 5 22 2 22 8 2
757 4257 11 4 36 24 18 34 11 16 43 7 36 29
758 4266 5 41 1 48 45 33
759 4271 5 19 31 43 9 34
760 4277 3 27 19 29
761 4280 9 6 32 1 41 37 34 19 29 1
762 4282 11 2 7 34 32 34 36 49 46 33 33 21
763 4288 9 48 7 23 7 30 10 32 11 33
764 4289 5 15 48 3 16 47
765 4299 5 5 48 4 22 37
766 4304 11 26 39 34 1 45 22 44 46 47 7 4
767 4310 7 25 40 10 3 48 34 4
768 4320 7 1 39 6 44 27 5 48
769 4322 7 46 43 13 28 9 6 17
770 4332 3 16 41 46
771 4339 3 37 47 40
772 4348 9 5 44 23 48 43 12 2 11 47
773 4352 7 26 6 32 37 16 13 33
774 4354 9 45 26 5 7 8 4 5 13 5
775 4364 7 31 49 18 4 26 25 15
776 4366 7 41 16 15 44 5 11 2
777 4371 5 45 20 41 16 37
778 4378 5 47 29 22 6 35
779 4379 7 46 5 36 47 1 28 32
780 4389 3 6 15 49
781 4395 3 7 25 32
782 4404 3 13 14 45
783 4408 5 31 38 21 31 12
784 4415 5 27 28 16 32 21
785 4421 9 35 18 37 21 7 7 1 47 3
786 4425 11 29 6 38 22 36 29 16 11 42 18 49
787 4428 7 24 27 1 30 12 26 10
788 4431 7 3 41 38 2 38 23 2
789 4441 9 50 21 30 28 17 20 30 20 16
790 4444 11 49 40 48 30 37 19 21 16 6 48 5
791 4453 3 31 46 10
792 4454 11 41 24 8 38 29 16 47 20 21 36 27
793 4459 11 14 3 33 22 17 34 46 28 16 17 29
794 4466 3 37 43 22
795 4468 11 18 39 14 26 47 20 11 9 35 3 50
796 4473 11 15 10 22 44 29 50 34 42 23 33 28
797 4477 5 9 23 35 42 30
798 4478 11 19 47 18 17 44 41 46 1 38 25 34
799 4486 7 39 33 27 44 46 20 29
800 4492 9 33 26 35 18 16 30 36 45 47
801 4500 11 32 31 6 34 48 41 15 50 17 7 14
802 4504 5 3 10 31 38 26
803 4507 9 36 45 1 18 45 17 15 49 14
804 4515 5 6 21 31 29 5
805 4523 5 8 22 29 26 42
806 4527 3 37 21 25
807 4535 7 31 2 33 50 34 12 37
808 4540 7 48 31 14 6 23 14 25
809 4545 5 34 35 33 37 47
810 4546 9 18 6 36 34 36 42 34 11 16
811 4552 11 43 30 4 18 15 41 38 24 5 29 38
812 4562 3 14 13 4
813 4563 9 13 16 6 23 1 31 24 44 43
814 4572 3 34 4 23
815 4576 9 42 45 43 26 34 4 14 19 26
816 4581 7 47 24 43 48 49 50 27
817 4589 9 2 10 48 8 28 40 24 26 29
818 4595 11 20 13 17 19 18 2 44 33 42 10 24
819 4600 3 1 7 15
820 4601 3 1 11 8
821 4609 11 21 18 29 22 22 12 10 26 48 50 23
822 4613 3 1 27 31
823 4618 11 21 42 7 27 14 25 48 49 24 23 48
824 4623 3 27 26 13
825 4628 11 8 41 7 18 50 23 13 41 25 3 39
826 4631 7 5 7 21 16 36 47 34
827 4641 3 50 29 6
828 4647 5 4 23 44 14 34
829 4648 7 35 43 1 31 35 1 25
830 4649 11 5 11 42 42 3 1 48 31 41 27 50
831 4658 3 3 28 13
832 4665 9 49 48 8 7 35 28 30 38 35
833 4667 3 28 5 37
834 4677 3 39 18 18
835 4678 7 1 21 20 37 36 34 23
836 4679 3 26 29 21
837 4685 5 29 9 40 26 2
838 4686 3 34 7 1
839 4692 9 41 48 26 5 14 40 43 48 12
840 4702 9 29 20 38 1 15 49 43 10 44
841 4710 5 10 2 37 11 37
842 4720 5 45 23 9 8 30
843 4723 9 10 8 35 11 28 11 42 35 46
844 4732 3 11 9 17
845 4739 9 38 3 17 20 47 35 39 38 26
846 4742 9 48 39 1 28 44 25 9 19 10
847 4744 7 35 15 26 31 8 4 2
848 4746 11 12 39 50 43 31 41 33 41 35 40 41
849 4748 9 48 5 14 46 41 23 12 45 20
850 4749 3 43 7 24
851 4758 11 37 16 1 20 26 4 26 39 28 17 39
852 4761 9 25 35 16 1 39 9 30 21 35
853 4764 7 3 19 36 44 6 13 26
854 4774 5 3 44 7 18 44
855 4779 9 1 37 9 3 19 11 3 8 42
856 4782 3 30 14 25
857 4787 5 45 45 13 33 32
858 4795 7 13 43 11 14 12 14 26
859 4800 5 26 35 13 36 32
860 4803 9 45 22 15 29 19 42 37 48 50
861 4811 5 35 6 6 20 15
862 4819 3 35 2 32
863 4827 3 47 46 16
864 4837 7 23 42 31 27 36 22 34
865 4840 9 16 39 35 1 33 15 10 25 6
866 4845 7 26 33 21 13 3 25 14
867 4849 5 11 34 3 11 30
868 4858 7 31 41 26 8 8 34 2
869 4866 5 44 40 43 14 6
870 4871 9 5 15 34 32 37 43 23 16 22
871 4880 9 47 2 9 15 5 22 22 20 48
872 4886 3 21 1 11
873 4892 7 15 36 48 15 10 33 7
874 4896 7 12 20 13 38 44 11 5
875 4906 9 36 35 20 24 43 5 50 42 17
876 4910 9 42 21 43 6 39 49 44 10 32
877 4920 5 10 17 2 22 12
878 4925 7 45 8 2 39 47 5 20
879 4935 9 5 32 49 20 34 12 50 24 2
880 4942 11 31 42 39 6 8 41 11 6 6 2 37
881 4950 7 23 42 25 20 13 7 30
882 4956 7 34 16 30 22 24 8 10
883 4966 9 39 8 40 12 40 14 24 22 22
884 4972 7 16 21 32 28 16 48 38
885 4973 11 38 23 27 46 43 19 42 17 37 34 44
886 4975 7 1 8 11 8 44 6 20
887 4985 5 10 10 32 34 29
888 4995 7 23 32 38 48 17 25 49
889 4997 3 42 11 48
890 5000 5 21 44 22 12 37
891 5001 9 22 29 21 9 5 50 46 45 8
892 5005 7 29 2 27 18 31 47 39
893 5010 7 26 4 38 10 14 10 32
894 5018 3 41 46 25
895 5025 3 44 47 43
896 5027 3 20 7 45
897 5035 5 22 2 29 43 6
898 5044 5 7 17 36 17 10
899 5053 3 20 41 12
900 5062 3 23 24 26
901 5063 11 6 50 44 10 43 14 2 23 15 34 32
902 5072 5 35 32 24 40 50
903 5081 9 5 42 31 36 33 17 31 32 23
904 5083 7 43 29 35 22 41 3 42
905 5089 11 38 26 48 41 27 31 41 29 5 28 18
906 5094 5 36 39 41 20 4
907 5095 5 49 15 14 5 20
908 5098 11 43 4 13 27 22 12 32 13 13 49 49
909 5103 5 17 18 35 39 13
910 5108 11 11 27 16 43 13 34 2 31 41 17 27
911 5111 11 5 25 14 1 46 11 37 32 30 43 38
912 5113 9 37 42 30 21 7 38 1 15 23
913 5120 5 2 17 44 1 4
914 5127 7 33 21 3 22 22 32 10
915 5128 3 23 40 13
916 5132 3 16 2 48
917 5137 11 30 26 40 2 36 31 40 10 22 34 19
918 5139 7 49 38 14 45 2 36 19
919 5143 9 33 17 2 27 38 21 29 8 34
920 5149 5 50 48 44 9 6
921 5154 11 3 23 23 13 25 28 39 3 49 30 2
922 5155 9 28 26 24 32 47 46 14 11 35
923 5160 9 32 18 3 38 44 31 32 40 8
924 5167 3 38 21 33
925 5172 9 7 7 4 27 44 26 46 41 32
926 5182 5 42 8 39 40 9
927 5189 7 19 4 22 4 10 4 49
928 5195 5 14 9 40 33 7
929 5198 9 18 27 44 12 49 47 30 2 29
930 5202 11 43 14 28 23 35 21 12 16 13 34 10
931 5206 7 30 42 43 1 42 10 19
932 5211 9 46 3 24 38 7 45 47 9 32
933 5218 3 2 33 37
934 5219 7 40 34 25 24 7 38 48
935 5227 3 16 5 33
936 5230 7 7 49 17 17 18 13 28
937 5240 9 19 30 12 6 40 23 5 40 16
938 5245 11 22 40 26 38 43 38 38 48 10 33 7
939 5255 5 22 45 35 49 26
940 5262 3 20 1 10
941 5272 3 49 47 18
942 5276 11 4 19 47 47 18 34 3 43 29 18 18
943 5279 3 26 21 41
944 5289 5 25 4 9 11 2
945 5293 7 39 4 36 22 16 30 42
946 5302 11 48 5 22 37 19 23 35 40 34 24 48
947 5311 3 6 44 15
948 5314 5 2 27 42 40 25
949 5322 11 24 14 28 11 8 50 19 37 23 9 25
950 5329 9 25 29 14 48 18 2 50 36 1
951 5335 9 33 15 28 31 4 43 16 8 31
952 5337 9 7 12 1 17 38 50 15 34 30
953 5341 9 28 36 47 38 20 44 26 20 39
954 5350 9 41 13 47 27 50 39 48 44 28
955 5353 5 14 23 18 3 21
956 5363 5 37 34 21 8 26
957 5367 11 13 18 15 48 36 17 46 34 46 4 43
958 5369 7 2 16 27 2 26 32 44
959 5375 7 38 22 46 6 10 25 40
960 5385 3 48 27 24
961 5386 5 36 19 3 43 36
962 5389 9 45 6 16 28 42 48 27 16 19
963 5394 11 14 43 1 37 16 37 35 48 4 8 31
964 5404 9 3 13 4 8 6 32 13 13 23
965 5411 5 20 24 32 44 50
966 5421 5 4 49 40 34 18
967 5426 7 4 20 20 18 45 9 32
968 5432 7 33 30 29 16 24 49 30
969 5438 3 30 8 19
970 5439 5 1 8 34 14 13
971 5442 9 23 43 44 13 1 12 23 11 40
972 5447 7 5 41 18 7 1 41 21
973 5451 5 8 37 36 36 22
974 5459 3 8 26 35
975 5464 7 46 50 35 26 48 18 30
976 5465 5 38 23 3 21 36
977 5468 5 35 23 8 11 39
978 5474 11 2 24 33 27 27 23 1 13 32 20 43
979 5478 9 43 35 29 30 42 46 9 13 26
980 5483 11 49 47 40 49 48 35 49 49 21 32 29
981 5486 11 34 47 31 50 43 43 38 37 20 19 49
982 5496 7 22 32 2 1 4 28 13
983 5500 9 21 42 41 27 37 23 10 23 27
984 5506 11 12 23 10 47 11 5 41 6 29 18 17
985 5514 3 6 16 23
986 5519 9 42 8 46 44 37 10 25 7 8
987 5526 5 47 36 25 11 46
988 5530 5 6 29 4 44 35
989 5537 7 11 15 2 47 34 41 30
990 5543 9 35 27 33 40 13 36 21 26 29
991 5551 9 19 13 42 41 43 43 29 28 39
992 5560 9 2 30 38 36 13 49 31 47 32
993 5567 7 50 33 31 26 29 43 49
994 5571 3 2 24 29
995 5580 9 17 2 6 3 42 21 46 47 23
996 5588 5 6 10 38 29 38
997 5592 7 22 26 50 38 5 39 24
998 5598 5 22 41 42 39 28
999 5603 7 37 50 2 2 3 34 3
