0 7 7 35 26 12 40 26 26 11
1 12 5 31 14 9 9 47
2 15 11 13 24 50 20 38 9 38 20 25 13 3
3 25 3 21 13 22
4 35 11 21 28 40 41 48 9 2 42 17 31 34
5 42 11 15 20 36 45 22 14 35 1 47 42 21
6 48 3 19 47 47
7 58 7 49 28 34 20 19 30 7
8 60 9 31 3 20 41 23 14 35 14 27
9 61 5 16 19 5 26 21
10 66 7 10 1 3 1 34 26 6
11 76 11 37 16 38 36 41 46 19 46 14 47 24
12 83 7 17 4 29 43 42 19 11
13 92 3 23 23 28
14 94 7 28 39 30 30 40 28 27
15 96 11 4 14 50 10 5 50 12 16 13 25 44
16 102 7 4 25 17 16 48 17 42
17 110 3 5 13 14
18 118 5 9 26 29 23 2
19 123 9 45 2 9 47 13 30 36 23 40
20 124 7 19 27 35 29 14 40 34
21 131 7 4 24 12 49 48 37 44
22 135 9 41 30 33 20 43 23 20 8 21
23 139 7 21 35 17 2 14 41 26
24 149 11 11 32 2 44 7 29 28 36 7 23 26
25 157 7 9 44 43 1 1 20 45
26 164 7 10 38 31 34 10 19 29
27 165 11 48 43 48 29 43 41 15 2 12 41 24
28 167 3 50 35 28
29 168 7 41 14 3 33 26 19 29
30 169 9 8 37 17 34 39 50 44 41 47
31 177 9 36 24 24 2 33 23 49 18 44
32 178 9 31 50 23 48 1 9 34 16 20
33 184 9 34 21 33 12 32 6 9 12 27
34 191 9 45 38 23 17 35 13 31 14 16
35 193 3 15 45 40
36 198 3 31 20 50
37 205 7 20 5 7 3 49 15 34
38 215 9 5 23 25 15 46 36 47 38 21
39 223 3 28 46 37
40 226 7 24 49 18 48 21 46 14
41 236 11 47 20 15 4 20 47 50 30 4 38 29
42 243 3 35 27 39
43 246 5 35 46 19 8 24
44 253 7 45 4 24 43 13 50 33
45 262 9 8 41 37 12 28 25 39 13 10
46 272 9 30 15 36 45 43 13 47 31 28
47 278 9 13 7 21 37 10 50 26 11 9
48 284 5 15 3 9 39 28
49 294 7 35 46 22 25 28 24 2
50 304 5 29 13 37 5 3
51 314 3 12 38 46
52 321 9 34 34 11 44 39 29 21 22 48
53 328 5 38 46 20 17 20
54 333 5 5 37 27 15 17
55 343 11 7 4 1 40 43 36 26 3 1 29 21
56 345 11 38 47 15 27 22 23 11 48 33 11 41
57 351 3 31 6 24
58 357 5 7 47 13 18 17
59 362 11 50 2 32 14 10 38 1 23 9 37 35
60 368 11 47 45 36 49 38 40 36 32 32 24 6
61 371 3 13 48 21
62 381 3 20 34 35
63 390 5 19 36 25 3 1
64 400 11 29 19 29 11 8 20 24 19 31 23 47
65 409 7 30 50 10 11 33 12 12
66 413 5 3 39 47 27 17
67 419 9 11 24 50 6 11 28 10 31 39
68 427 9 35 8 33 43 7 1 36 39 20
69 431 7 1 8 2 34 46 3 44
70 441 7 39 20 39 26 35 46 31
71 446 7 35 23 41 14 27 42 32
72 451 9 4 46 49 50 16 37 37 45 2
73 452 3 44 44 12
74 460 3 31 21 47
75 470 11 10 7 16 7 26 12 8 7 25 46 16
76 477 9 8 43 21 41 28 46 1 45 44
77 484 7 43 35 46 15 49 7 41
78 490 7 24 30 2 46 35 14 18
79 498 3 13 7 3
80 507 3 7 31 25
81 514 3 22 44 46
82 521 5 34 3 3 14 16
83 524 9 1 37 5 16 16 4 25 34 14
84 525 5 28 21 26 32 46
85 534 11 13 33 32 25 6 39 29 44 27 26 16
86 539 7 6 37 30 38 49 8 40
87 543 5 37 23 18 15 4
88 547 7 40 41 24 8 6 25 12
89 554 3 29 48 4
90 556 9 9 30 43 21 35 5 36 38 9
91 563 3 34 23 36
92 572 5 8 36 5 47 20
93 573 3 28 33 30
94 581 5 1 27 33 13 32
95 588 5 40 22 31 4 27
96 598 7 16 14 11 6 21 38 38
97 602 5 29 24 29 7 47
98 605 5 50 2 2 2 41
99 612 11 5 48 29 34 23 33 48 22 25 10 38
