0 9 6 22 26 33 4 26 15
1 12 10 45 23 28 34 43 5 21 16 21 26
2 18 8 30 37 14 46 29 38 16 23
3 27 4 46 16 48 48
4 33 2 33 8
5 37 2 9 23
6 47 6 3 7 50 37 46 26
7 52 6 17 15 48 35 29 47
8 60 2 13 32
9 67 8 11 34 16 21 17 27 10 25
10 70 6 10 24 31 40 34 38
11 80 6 50 3 25 11 25 39
12 90 10 45 38 10 3 14 42 34 12 21 39
13 94 4 29 45 6 30
14 103 4 5 28 49 42
15 109 10 35 41 47 37 11 37 29 42 47 28
16 112 2 5 8
17 113 6 29 29 21 44 45 8
18 119 6 48 26 6 9 47 35
19 125 8 3 40 50 26 16 39 50 46
20 129 6 39 30 50 36 48 19
21 139 4 7 48 27 27
22 143 4 34 30 43 3
23 149 10 48 46 49 11 1 41 34 44 31 23
24 156 8 9 7 42 2 7 36 21 45
25 163 4 38 38 1 27
26 172 10 38 38 8 11 46 8 20 3 44 35
27 178 2 20 36
28 182 8 32 28 30 33 15 40 5 10
29 188 8 28 42 32 43 42 17 46 37
30 197 4 27 33 39 6
31 203 10 6 9 10 48 41 15 7 26 49 15
32 209 10 23 42 11 35 40 35 31 29 24 24
33 218 4 14 2 47 26
34 228 6 46 34 46 49 10 5
35 235 8 10 32 25 31 5 45 34 11
36 238 2 20 22
37 248 2 6 13
38 256 2 6 5
39 259 4 38 4 31 23
40 262 6 4 27 28 8 33 7
41 265 8 48 36 5 30 24 16 38 24
42 271 10 36 46 15 5 47 39 20 12 8 32
43 281 4 13 13 14 32
44 286 8 42 46 42 50 40 28 21 26
45 291 6 5 21 20 22 22 40
46 292 4 9 19 35 39
47 302 8 13 21 21 35 8 17 43 39
48 310 4 25 7 26 43
49 319 2 6 41
50 323 6 37 7 37 14 40 13
51 327 4 17 8 42 29
52 333 10 11 20 45 26 48 5 39 29 43 3
53 337 8 38 25 36 14 39 16 23 37
54 347 2 19 9
55 354 6 21 22 38 6 29 32
56 357 10 36 20 41 30 19 20 49 6 38 38
57 366 6 18 38 48 18 13 49
58 370 10 46 49 30 17 6 40 42 26 25 2
59 380 2 23 37
60 390 2 10 43
61 394 6 6 39 3 10 47 47
62 403 4 40 50 29 21
63 407 6 20 31 16 8 40 31
64 408 8 33 26 38 4 16 21 14 27
65 418 8 2 9 36 49 50 45 3 33
66 419 10 19 10 45 35 49 14 19 50 15 34
67 427 10 28 35 26 32 41 15 32 10 20 39
68 430 2 3 45
69 436 2 13 37
70 446 10 15 36 24 38 41 21 20 22 20 4
71 456 4 44 21 37 26
72 466 2 46 16
73 472 6 50 39 38 44 40 39
74 478 2 46 34
75 482 10 12 8 35 21 28 42 3 46 37 5
76 491 2 3 22
77 500 8 26 41 16 33 34 44 27 43
78 505 10 22 32 34 46 16 23 41 38 49 39
79 515 4 38 24 32 36
80 518 8 18 28 8 11 34 31 1 36
81 524 6 4 34 9 33 7 21
82 531 4 26 21 46 22
83 540 2 23 43
84 542 8 49 45 23 2 6 13 25 31
85 543 4 3 11 36 12
86 547 6 49 18 48 46 43 13
87 557 10 27 3 14 48 24 29 5 50 5 18
88 563 10 45 36 37 40 22 24 36 16 33 35
89 566 2 1 25
90 570 8 26 23 13 2 28 24 31 44
91 572 4 1 40 25 37
92 577 4 25 19 3 28
93 583 6 28 9 21 25 27 26
94 592 8 40 23 26 11 14 2 45 47
95 594 6 31 23 15 28 29 44
96 599 10 22 26 21 6 13 4 17 13 3 46
97 601 4 48 24 37 30
98 604 8 9 13 4 30 27 25 3 3
99 606 10 46 16 23 41 41 25 8 50 13 11
